0.0023455281
0.0024125863
0.0026130214
0.0029448477
0.0034047732
0.0039882322
0.0046894308
0.0055014044
0.0064160867
0.0074243904
0.0085162969
0.0096809563
0.0109067950
0.0121816310
0.0134927948
0.0148272555
0.0161717501
0.0175129159
0.0188374226
0.0201321055
0.0213840959
0.0225809494
0.0237107695
0.0247623257
0.0257251656
0.0265897184
0.0273473902
0.0279906495
0.0285131021
0.0289095547
0.0291760664
0.0293099878
0.0293099878
0.0291760664
0.0289095547
0.0285131021
0.0279906495
0.0273473902
0.0265897184
0.0257251656
0.0247623257
0.0237107695
0.0225809494
0.0213840959
0.0201321055
0.0188374226
0.0175129159
0.0161717501
0.0148272555
0.0134927948
0.0121816310
0.0109067950
0.0096809563
0.0085162969
0.0074243904
0.0064160867
0.0055014044
0.0046894308
0.0039882322
0.0034047732
0.0029448477
0.0026130214
0.0024125863
0.0023455281
